nhidden=0
nem=100
lambda=100000
maxT=10956
minT=10226
nsamp=10000
nburnin0=20000
nburnin=0
nskip=100
kappa=2
minW=1e-06
maxW=1.0
minbeta=0.0001
nthread=8
initbeta=0.0111111
mumult=0.1
maxinitW=0.00555556
allinitW=1
